examples/weather_generator/spatial/input/thames_dem.asc
ncols         170
nrows         152
xllcorner     375000
yllcorner     118000
cellsize      1000
NODATA_value  -9999
[rows 49 to 97 of 152, columns 0 to 95 of 170]
38 29 28 42 31 18 9 9 9 12 14 18 26 30 29 38 51 57 65 76 83 88 89 181 180 162 178 199 218 221 251 248 212 215 190 242 229 210 206 192 168 132 130 136 188 240 216 164 152 127 131 103 109 118 161 134 96 88 93 91 118 140 161 149 141 132 119 116 115 99 107 110 89 79 95 98 90 82 80 75 70 69 63 81 76 67 69 65 63 64 64 65 68 72 71 78
17 30 42 29 24 15 10 9 13 16 19 24 38 55 40 45 50 60 77 93 105 99 162 121 164 197 193 164 182 219 228 267 253 239 199 228 219 202 182 172 207 138 125 133 193 231 207 182 171 133 119 121 98 135 138 91 105 130 144 119 89 129 150 149 141 125 124 114 88 83 95 103 77 65 97 89 79 77 73 69 68 64 61 65 67 68 64 62 62 62 63 65 66 80 77 80
9 15 19 24 19 5 1 9 13 20 22 27 42 83 53 56 63 74 96 196 273 167 248 230 269 268 190 165 183 206 215 229 241 222 186 230 210 168 167 181 202 152 125 131 163 211 214 195 184 128 115 105 100 107 94 108 131 180 164 141 98 121 138 135 128 125 120 110 108 80 100 100 79 65 73 83 73 70 70 67 68 59 60 64 62 60 61 64 64 64 65 66 66 70 74 69
19 8 6 18 8 0 9 13 15 23 27 30 37 42 51 64 71 106 249 201 261 252 236 279 236 258 223 169 191 208 201 221 257 232 202 169 181 155 148 151 197 211 129 119 135 203 202 184 157 163 130 114 115 112 123 142 172 167 142 130 109 81 107 124 120 118 112 110 99 91 97 89 75 63 101 94 70 67 67 64 62 59 61 58 59 65 69 69 69 68 71 72 75 73 70 76
17 1 3 6 4 2 13 15 23 29 34 45 40 46 56 72 88 159 250 214 235 212 254 253 215 241 245 168 185 228 179 187 234 228 231 210 196 194 183 158 182 186 179 116 144 198 160 137 160 201 149 153 151 155 163 176 176 164 125 139 150 117 83 104 86 114 118 93 98 93 93 86 72 63 75 74 68 66 64 62 61 61 59 58 62 66 74 78 90 99 91 83 84 87 73 79
1 6 10 10 1 20 13 18 54 94 38 50 52 53 78 73 93 172 279 272 207 182 245 245 213 226 261 212 145 195 195 241 226 216 188 199 201 191 175 128 139 138 155 118 145 174 192 178 120 191 191 198 184 181 180 164 181 163 159 159 141 140 131 87 92 73 103 98 99 87 84 80 72 64 62 63 64 63 61 60 63 57 58 59 60 66 69 114 127 149 102 96 88 80 77 79
1 9 18 26 10 14 18 20 60 89 55 66 75 149 211 96 124 274 285 280 274 186 220 190 212 179 219 245 167 155 146 215 189 180 205 186 165 176 168 165 174 158 123 116 123 164 153 145 131 167 173 169 186 141 160 139 158 151 139 131 133 123 108 103 113 101 101 83 67 69 88 76 70 67 63 60 60 69 58 58 58 57 58 59 61 66 77 99 122 165 150 107 85 80 79 113
7 8 18 35 14 17 24 24 34 49 130 105 132 203 242 232 239 275 243 240 268 251 216 180 173 162 179 245 247 221 142 138 166 178 199 188 184 175 157 176 179 180 159 156 110 124 109 108 109 133 135 149 149 144 142 138 139 131 127 117 110 113 107 108 121 107 98 93 72 100 102 90 66 66 64 61 58 59 66 62 58 58 57 59 64 100 99 85 94 118 161 126 88 88 78 124
4 10 19 13 14 20 24 35 42 63 199 192 242 162 214 263 277 268 269 233 256 258 255 234 254 172 172 244 241 235 220 205 161 134 176 175 174 171 163 170 167 167 170 180 167 138 131 160 136 108 99 143 135 139 142 116 97 119 109 100 112 105 110 120 117 105 102 81 71 67 72 90 69 62 64 59 57 65 101 65 61 59 60 63 75 84 90 89 90 91 120 133 92 91 69 92
6 7 10 10 14 21 29 40 53 107 157 220 158 168 261 224 263 240 243 250 266 268 238 189 248 209 168 205 228 224 207 194 155 158 158 163 171 159 145 155 150 158 160 170 156 159 147 138 138 130 132 99 128 95 92 102 89 91 85 103 101 94 95 114 90 92 81 74 67 89 67 64 61 58 70 67 56 57 59 69 75 87 88 65 69 68 79 79 81 80 83 82 84 115 98 69
1 4 8 11 20 25 40 58 66 178 118 181 141 136 166 233 256 248 232 180 213 254 225 177 241 221 144 169 205 208 201 184 164 135 151 153 155 150 130 145 129 138 141 160 156 141 132 131 126 119 129 130 131 101 112 123 115 112 106 88 80 89 90 100 85 79 72 81 64 61 63 59 58 58 66 70 59 56 61 112 124 137 118 69 64 65 76 70 71 70 69 79 75 114 102 77
9 10 13 14 23 32 92 117 138 190 113 133 126 254 245 247 234 238 224 199 237 235 239 171 220 219 140 191 189 192 181 162 164 125 145 137 154 139 135 134 121 136 151 150 156 144 130 131 116 123 119 120 119 120 117 115 109 100 96 92 82 81 97 79 78 73 71 68 66 62 60 66 60 57 59 67 66 61 61 88 95 114 111 81 64 68 69 65 71 68 65 71 76 96 121 89
11 11 24 19 28 39 101 138 248 177 102 136 190 199 147 241 258 196 252 177 222 211 219 204 159 206 148 192 194 167 160 160 166 148 133 146 152 146 135 130 119 116 140 136 149 150 141 131 128 116 116 113 107 99 96 94 87 86 84 80 76 77 91 79 75 68 68 65 62 63 115 131 68 56 58 59 57 60 63 65 90 97 101 89 65 60 60 60 63 61 61 64 68 83 104 69
12 16 19 30 40 53 65 103 209 133 84 217 96 198 238 262 256 196 226 198 223 213 172 200 188 184 175 157 185 170 151 157 162 147 140 104 143 145 135 131 123 122 121 130 131 138 135 130 116 110 106 103 101 94 85 79 79 81 77 88 80 75 74 77 80 72 66 63 62 69 95 141 130 63 55 59 60 56 85 103 101 99 88 127 77 68 58 61 58 60 60 62 65 68 70 64
16 23 14 26 33 41 81 186 122 86 117 146 98 249 222 252 203 180 228 220 206 210 179 147 196 174 145 134 169 161 128 163 150 130 125 129 121 129 131 130 130 125 128 130 122 124 128 120 110 102 101 100 94 89 80 75 78 79 77 80 89 90 76 72 79 71 68 64 62 64 67 81 102 70 55 55 63 53 93 97 106 141 137 98 93 70 56 60 57 58 58 66 60 64 63 63
14 26 31 18 28 39 118 85 58 56 58 110 231 227 207 225 221 172 223 213 155 202 186 155 168 179 165 135 159 152 137 138 145 137 129 133 123 99 96 119 121 115 112 123 109 103 113 100 94 94 94 90 86 84 78 71 83 84 69 72 73 82 82 73 70 70 69 65 63 64 66 69 77 91 59 54 54 60 70 80 97 102 149 105 87 67 54 56 59 66 65 59 70 70 72 69
14 16 19 39 23 25 26 30 38 108 49 100 212 162 223 224 219 197 175 190 139 184 176 168 139 149 153 129 140 141 139 134 131 125 124 140 134 134 128 116 113 113 104 109 109 102 100 91 90 89 84 81 85 80 77 71 76 72 75 69 68 68 69 71 69 68 69 65 62 82 108 122 126 124 84 58 54 53 57 72 83 81 80 94 109 97 55 71 81 79 74 85 70 80 71 68
21 21 25 32 46 50 51 90 105 122 104 154 172 191 189 180 178 175 150 123 200 185 171 158 155 131 117 127 136 135 123 107 130 120 120 121 120 120 122 109 119 110 109 111 104 87 88 86 81 79 82 78 75 75 73 72 70 69 70 68 67 66 66 67 67 67 66 64 62 79 106 116 120 147 112 93 59 53 83 71 69 70 82 129 111 91 58 62 69 99 102 91 85 85 77 74
20 29 38 45 68 79 89 175 89 67 191 59 112 158 73 80 173 179 187 159 184 173 163 143 150 144 119 112 123 121 121 114 123 108 110 116 106 109 111 98 109 105 98 101 95 86 82 85 80 76 74 74 73 72 70 73 70 68 68 68 67 67 69 65 65 66 65 62 63 93 93 105 111 151 105 110 85 54 69 59 64 65 75 108 67 67 54 82 88 82 79 77 75 78 100 80
34 29 48 59 214 190 114 187 92 119 207 182 160 189 192 185 182 174 178 169 139 151 150 139 137 136 126 108 118 116 119 106 99 100 100 104 99 101 105 99 93 87 81 83 80 78 81 81 75 74 74 74 71 69 68 69 69 67 67 67 66 66 65 64 65 64 64 62 76 87 96 95 98 97 126 106 93 65 64 67 69 66 65 76 61 53 81 78 68 79 66 68 83 93 100 88
65 79 60 111 242 198 225 161 109 53 195 190 190 187 176 183 170 159 169 160 140 122 133 139 132 124 120 120 102 113 115 104 101 94 94 93 95 100 106 88 86 80 80 78 78 76 78 77 75 73 72 70 70 68 68 68 67 67 67 66 66 65 70 77 72 71 67 71 81 90 90 88 85 79 79 81 85 65 53 63 92 86 65 69 71 53 57 69 68 73 67 68 75 75 81 103
46 104 209 153 139 233 188 113 99 89 66 107 172 168 162 169 165 148 160 159 154 138 115 122 121 119 110 112 99 109 111 100 96 89 92 95 88 89 100 82 94 79 78 75 75 73 75 74 72 70 69 68 68 68 67 66 66 66 66 66 66 68 75 91 91 89 81 78 73 80 82 78 72 68 69 72 69 60 51 63 83 78 66 78 53 59 59 60 61 65 68 73 94 82 89 116
80 110 151 185 109 140 210 196 161 87 184 181 139 161 153 162 166 142 150 145 133 142 128 109 107 112 107 100 99 105 104 96 89 97 89 92 84 85 86 80 77 77 75 74 73 73 72 71 70 69 69 69 75 70 68 68 70 77 111 76 89 73 93 90 81 82 80 71 71 70 79 71 66 61 60 58 61 55 51 83 87 69 60 60 51 56 63 65 66 70 70 88 103 113 104 107
171 81 89 99 172 182 207 183 134 173 184 170 138 162 154 153 159 142 146 138 132 114 118 108 97 98 101 96 95 101 89 89 86 89 85 86 82 80 81 78 81 76 78 77 73 74 75 77 77 74 80 72 79 70 69 76 94 112 105 96 85 79 78 82 76 73 73 70 63 61 62 59 59 56 60 56 52 52 56 80 71 65 61 60 50 57 61 61 70 73 80 93 107 94 101 112
140 197 139 215 245 240 218 192 198 169 149 161 159 154 145 140 145 128 125 131 131 129 122 115 99 95 95 92 93 89 86 86 84 83 83 81 79 78 76 75 74 75 74 73 73 82 76 86 108 95 84 91 78 75 82 116 109 103 100 88 80 76 68 70 67 66 62 61 60 60 57 55 53 51 50 54 53 63 74 69 57 55 55 53 50 49 59 73 69 71 97 85 88 90 98 119
157 177 240 233 234 224 215 210 193 183 170 159 150 149 141 126 128 136 126 120 116 118 115 104 104 93 90 88 89 88 88 84 84 82 81 80 79 78 77 76 75 74 73 74 74 80 74 78 87 94 89 107 86 101 128 114 97 90 90 80 75 68 68 65 61 59 58 59 60 55 55 53 63 56 52 62 63 58 54 50 47 46 50 47 47 60 74 73 76 81 78 80 90 97 111 120
196 184 179 196 208 172 207 205 193 177 160 137 131 140 135 119 139 120 110 111 112 112 102 103 95 89 89 87 88 89 85 83 82 89 78 79 78 78 79 81 77 76 75 77 79 80 74 78 85 98 105 154 125 125 105 97 99 89 75 76 71 67 65 63 62 64 59 58 56 56 56 57 60 52 49 47 49 50 49 47 50 47 48 46 67 58 54 59 80 90 87 110 98 99 115 139
110 88 188 223 178 203 141 197 181 170 162 149 123 109 120 131 134 126 116 104 107 107 95 102 98 88 88 86 86 84 83 82 84 110 85 78 78 77 79 82 77 87 104 80 84 85 79 79 82 109 95 106 109 119 122 88 80 82 80 69 66 66 65 64 63 61 60 58 60 60 56 56 57 55 52 53 53 49 51 51 53 51 46 46 47 47 50 57 68 103 110 120 108 119 121 220
58 140 213 144 92 167 173 191 170 160 154 130 125 114 98 121 127 122 116 104 95 94 94 89 86 91 89 91 84 85 85 88 85 90 79 79 80 81 79 79 79 84 118 90 109 112 84 99 81 82 87 93 103 103 107 90 78 74 71 69 68 68 68 69 66 64 64 61 61 61 60 60 58 57 57 58 54 51 50 56 59 97 68 50 46 45 50 62 72 100 117 136 131 140 141 218
49 67 71 100 197 190 175 176 170 149 149 132 119 105 102 94 103 114 115 107 98 91 89 88 119 99 98 88 85 86 85 87 95 91 80 83 80 85 84 87 93 89 95 113 106 118 103 98 113 100 107 96 95 90 84 84 80 89 73 70 71 70 72 71 70 69 67 64 63 65 65 66 73 60 57 57 57 54 55 76 75 56 66 92 70 51 45 56 72 79 115 108 180 185 219 224
64 61 113 147 193 184 160 162 144 134 133 121 108 111 108 98 91 90 104 101 96 90 89 92 100 100 106 99 90 94 99 93 90 86 87 83 83 87 122 142 140 112 98 121 109 96 110 87 85 99 97 92 90 82 78 80 89 80 76 75 79 80 72 76 75 72 69 66 66 70 69 76 97 77 63 71 80 58 51 72 66 49 48 50 53 53 44 53 74 99 103 115 125 178 223 194
85 95 111 90 152 174 158 154 146 133 123 111 112 108 100 99 90 93 90 96 91 88 84 93 100 114 110 100 100 95 99 92 85 84 86 87 83 89 108 142 136 129 108 114 115 98 84 105 104 90 89 89 88 80 90 88 87 79 78 79 83 78 74 81 80 82 79 75 78 88 75 90 96 80 72 79 74 70 58 53 61 48 55 50 48 48 45 55 78 107 131 129 199 211 204 176
80 114 150 164 155 169 150 130 137 129 121 117 116 104 98 90 79 87 89 80 82 78 89 91 89 122 122 107 98 96 99 90 89 94 89 87 83 86 89 95 123 116 110 106 99 98 87 88 98 90 88 91 90 88 88 89 88 92 100 86 88 83 80 82 92 93 102 112 94 81 90 97 114 109 91 74 68 60 58 54 52 49 48 50 49 44 49 81 90 102 131 142 168 201 191 144
88 114 190 139 177 162 145 119 126 124 118 110 100 99 94 91 85 83 78 91 69 73 96 94 101 100 117 108 107 94 89 90 119 131 119 104 87 102 111 95 107 111 105 99 96 90 87 89 94 91 91 94 93 99 112 117 125 124 110 105 114 104 135 107 90 116 127 101 113 106 127 122 113 116 118 74 67 59 57 57 53 48 57 50 46 44 53 93 89 98 131 198 204 194 185 189
90 117 194 170 150 152 142 125 110 120 116 92 100 93 85 87 75 87 77 66 78 74 79 80 89 109 115 104 110 99 99 98 117 140 125 112 93 90 93 98 99 103 103 101 93 90 89 91 100 94 94 99 125 186 217 238 219 201 151 154 141 140 106 108 108 127 131 127 113 111 129 126 124 116 122 94 79 64 59 73 59 48 49 47 54 44 63 79 79 121 192 200 184 178 170 174
99 110 193 166 150 146 139 132 111 111 108 109 98 92 83 81 80 78 78 70 96 90 92 89 82 90 97 88 100 100 104 129 140 130 117 102 99 94 94 101 100 101 98 93 91 93 101 94 97 98 99 112 171 208 199 209 194 207 237 196 192 140 116 124 146 134 150 147 127 164 183 139 128 119 114 120 119 75 70 84 61 49 48 55 50 44 53 64 93 99 119 157 173 162 143 160
104 199 193 167 147 135 125 125 112 112 118 110 100 90 89 87 90 75 72 68 61 72 82 71 92 99 90 76 99 95 112 119 138 129 120 103 107 96 100 98 105 104 101 97 96 95 97 99 100 106 109 172 201 201 185 225 179 179 212 220 205 146 175 214 222 214 171 200 197 189 192 189 159 133 118 108 116 155 122 129 95 76 75 78 42 62 65 77 87 113 170 185 176 134 134 134
113 183 179 155 140 131 119 112 111 120 118 110 103 101 90 80 81 79 90 68 63 59 59 60 61 68 70 72 72 77 93 101 131 120 109 113 104 106 94 138 142 109 106 110 100 99 107 114 118 131 171 199 189 224 170 180 188 157 194 212 192 205 222 199 189 194 234 228 207 174 174 161 166 175 158 117 111 125 137 106 99 128 69 60 42 56 53 74 101 99 171 172 158 174 135 129
117 179 169 160 141 120 119 116 118 124 120 110 109 98 97 88 88 83 79 85 70 59 57 60 60 65 67 67 78 79 81 121 121 106 110 106 100 99 99 100 107 123 111 110 107 129 176 178 180 196 185 176 181 186 180 150 200 174 190 208 181 199 206 213 171 168 180 222 177 176 183 152 132 150 139 152 110 117 151 154 108 160 90 67 48 55 81 95 131 161 160 180 153 145 131 103
128 180 173 153 135 130 120 118 120 119 121 120 117 109 104 98 87 77 90 76 66 57 55 58 58 64 68 119 84 121 88 90 90 94 98 102 106 109 105 106 106 112 117 116 114 127 176 190 225 220 200 183 174 164 193 161 182 162 152 185 193 161 180 205 164 187 184 203 188 196 199 158 162 137 136 136 134 115 136 182 169 150 78 74 45 49 73 128 151 171 150 141 142 110 105 101
127 181 161 156 141 130 128 120 119 120 122 117 120 104 100 93 93 86 72 70 61 54 55 58 64 69 74 104 119 118 99 93 90 100 102 108 119 115 115 117 133 173 154 132 151 177 203 198 179 234 202 206 202 156 148 143 137 172 153 199 163 159 171 169 154 152 186 194 169 166 185 176 173 163 131 118 127 115 146 150 166 156 110 135 41 54 72 113 162 151 128 120 120 110 100 96
134 183 168 159 148 131 119 120 121 124 115 110 110 115 113 98 90 83 92 58 57 57 57 68 119 141 131 126 122 120 123 106 99 99 108 128 202 202 155 187 182 180 178 168 168 214 260 195 187 165 200 198 201 216 200 190 141 127 165 200 170 178 200 149 162 184 154 182 160 150 182 184 189 156 171 161 122 102 154 179 158 149 137 89 103 40 45 142 151 131 121 111 119 99 100 87
188 179 160 151 137 129 121 117 111 124 121 119 114 110 100 100 97 69 60 57 51 53 57 105 154 145 134 125 120 104 110 108 109 104 126 205 199 189 200 189 178 170 170 169 160 186 244 190 171 183 160 220 226 219 175 154 172 151 150 158 181 169 176 175 151 139 184 183 151 164 169 160 172 164 168 154 157 104 148 154 134 148 151 130 91 93 46 70 131 127 90 102 100 94 82 80
195 173 164 162 149 138 133 112 101 118 125 130 117 111 100 94 80 89 64 59 49 52 57 74 99 102 130 114 98 100 105 115 112 122 186 202 188 180 190 180 178 173 162 160 160 179 262 247 180 150 149 161 185 206 207 164 199 192 148 127 149 136 178 144 120 172 171 173 140 144 162 151 152 164 148 135 111 99 114 150 143 123 146 129 115 109 70 41 62 44 38 47 91 85 92 65
192 178 156 144 130 140 127 131 116 132 128 122 121 111 108 95 88 82 60 54 48 52 56 60 65 83 95 86 99 97 111 134 207 203 186 190 179 179 187 218 235 205 168 157 153 236 259 201 179 173 157 153 177 178 214 214 200 204 190 192 136 117 167 140 147 160 164 159 153 133 150 128 150 149 145 149 141 112 118 134 131 120 104 139 135 112 95 76 40 39 48 37 39 90 82 75
173 184 145 173 158 141 142 130 78 112 118 124 118 110 100 101 96 79 60 48 50 51 58 112 122 78 86 90 88 98 149 190 195 191 178 171 178 190 270 204 221 208 193 163 149 228 253 219 226 188 165 128 200 153 196 209 195 193 195 180 170 147 123 115 158 154 155 130 142 129 129 133 136 135 138 125 112 120 81 112 125 119 119 84 100 97 109 88 47 53 84 71 36 37 71 70
193 165 183 174 158 150 142 75 84 92 117 129 114 101 85 70 80 80 58 46 50 56 89 106 67 84 90 95 92 109 179 188 189 180 169 172 185 220 247 188 182 249 180 235 147 158 241 230 218 180 160 178 126 188 200 194 192 175 185 189 166 173 134 129 109 148 145 140 120 135 135 111 125 125 124 121 116 119 80 100 110 118 107 94 89 91 84 84 45 61 89 85 58 39 36 35
196 195 175 174 164 116 150 155 90 105 129 116 111 95 78 65 58 52 46 53 52 68 125 82 88 80 87 105 106 175 170 175 181 170 167 171 180 263 220 179 169 205 158 190 148 169 227 183 213 215 188 205 158 141 168 183 169 174 182 179 176 170 153 148 131 99 133 132 108 123 109 104 119 113 111 141 120 113 78 111 98 88 110 104 89 71 57 46 45 45 104 92 89 57 44 40
185 181 179 168 159 161 147 153 139 123 132 116 104 80 75 57 58 61 61 70 57 62 89 62 76 84 97 90 97 145 169 164 168 167 161 181 191 254 250 175 160 155 188 139 144 216 178 199 181 205 191 141 149 158 159 150 171 162 141 151 149 160 155 139 139 131 95 107 111 120 107 127 110 112 107 114 131 98 73 104 121 86 73 81 59 69 61 58 46 46 101 90 76 62 57 50
