examples/weather_generator/spatial/input/thames_dem.asc
ncols         170
nrows         152
xllcorner     375000
yllcorner     118000
cellsize      1000
NODATA_value  -9999
[rows 0 to 48 of 152, columns 0 to 95 of 170]
119 80 51 79 47 40 30 52 57 71 46 53 60 60 49 65 68 70 70 87 85 80 88 107 134 141 140 147 100 99 88 130 108 157 163 158 135 112 116 121 134 125 96 98 110 111 115 120 109 106 91 100 90 79 62 50 65 70 74 82 92 70 64 70 67 68 70 101 86 81 97 97 78 88 77 83 89 101 134 164 149 138 128 134 132 132 132 119 147 169 154 126 103 95 88 88
153 74 61 93 52 25 17 70 96 64 42 41 49 62 49 60 66 68 58 78 88 75 98 122 150 157 113 119 101 90 87 91 96 121 160 154 149 136 100 89 100 107 104 99 113 92 118 119 105 96 98 97 90 75 57 65 65 70 92 90 92 66 61 58 83 61 70 68 70 69 71 72 71 75 79 84 88 101 125 160 160 151 129 125 109 123 125 130 126 156 164 145 130 141 117 100
154 141 69 51 43 50 16 52 94 64 45 44 49 48 52 49 58 50 52 62 71 79 89 110 130 122 139 111 117 117 78 78 88 100 161 129 133 112 107 89 79 99 93 109 99 103 121 112 115 103 106 98 75 77 53 69 63 79 89 81 61 59 78 78 62 67 75 68 82 90 76 70 75 79 83 88 85 92 117 116 157 159 143 117 122 116 112 132 137 150 121 136 123 125 120 96
149 93 63 69 38 51 15 62 86 54 40 41 48 51 40 45 51 44 48 59 70 69 78 120 118 111 138 145 154 108 82 90 76 88 99 120 107 99 90 88 74 106 100 80 101 120 120 100 113 83 74 73 63 58 63 58 59 76 84 52 60 62 80 90 64 74 82 76 84 96 90 76 73 78 82 80 91 89 98 132 117 169 157 126 121 104 99 110 118 107 124 119 99 86 101 98
109 90 92 78 72 47 14 50 86 43 32 39 46 46 51 45 39 60 55 60 86 80 91 91 110 96 121 119 138 108 100 68 69 75 94 91 109 100 79 75 73 100 72 89 117 121 104 106 113 100 76 62 60 57 52 47 51 50 52 52 71 82 102 93 70 68 68 85 98 94 83 80 76 77 83 86 87 99 98 125 114 146 133 109 104 114 100 94 99 104 119 105 108 89 100 87
153 109 69 61 66 60 15 49 75 40 35 37 48 31 34 36 63 44 48 60 107 90 94 76 80 93 102 115 111 133 115 76 64 67 77 80 107 96 90 92 65 73 82 101 125 100 102 112 93 88 89 58 52 44 49 59 63 58 56 68 69 62 73 69 85 85 80 84 103 94 89 80 83 83 88 94 110 104 99 135 157 135 125 112 134 110 103 107 124 114 132 120 100 111 118 89
114 111 88 70 57 27 25 15 52 35 61 35 40 28 33 35 34 38 72 70 69 71 77 70 70 86 92 98 113 133 100 91 70 58 64 77 105 96 86 71 62 77 98 110 95 80 109 107 76 67 62 51 45 46 51 63 70 74 54 74 94 63 63 69 79 91 90 96 96 87 90 95 104 89 93 108 140 113 100 115 165 160 131 142 141 112 97 91 127 127 140 135 128 115 107 109
103 85 110 79 71 41 37 35 12 37 61 40 36 29 55 60 63 48 48 55 59 80 68 57 68 100 71 89 109 134 94 80 73 56 75 83 105 80 71 59 68 105 99 102 74 117 87 106 78 65 52 48 42 67 70 62 67 73 59 73 67 67 79 109 96 71 92 93 84 84 88 98 99 99 129 139 132 113 112 135 163 143 144 168 140 120 127 94 110 107 104 100 129 121 109 101
106 74 77 75 61 45 70 30 21 29 32 31 31 53 44 70 53 45 48 57 73 51 55 63 61 69 82 70 98 139 90 75 70 54 66 87 107 83 62 58 64 68 67 84 99 94 79 78 69 74 63 44 41 60 62 81 60 64 69 64 68 78 110 103 92 79 83 89 85 87 105 150 128 148 181 129 114 109 130 174 176 155 147 148 139 129 121 98 89 102 92 99 108 128 103 110
80 75 66 59 51 49 50 31 21 36 19 30 45 50 50 76 57 46 60 42 54 44 47 67 57 60 63 68 114 119 109 97 70 49 81 79 98 85 67 55 77 69 68 100 115 105 92 74 81 65 41 48 49 82 67 79 72 74 66 71 77 109 116 110 89 89 79 88 94 93 100 100 122 157 155 148 131 120 161 162 163 150 154 182 132 121 101 94 103 104 84 101 90 87 73 77
65 54 61 47 44 41 47 37 14 26 42 47 37 54 50 79 50 51 46 49 47 48 49 52 54 57 65 93 92 107 100 78 68 46 49 70 51 59 54 67 84 71 80 90 113 98 96 91 97 70 62 42 47 58 71 80 77 65 72 77 102 111 123 103 89 82 83 92 130 115 110 105 131 154 140 127 120 154 189 152 123 117 107 116 113 104 88 87 77 74 72 81 74 69 65 64
95 67 46 44 35 34 37 42 11 30 35 43 43 46 52 55 48 62 44 38 48 54 46 54 58 65 110 101 80 89 120 85 57 44 48 48 46 47 57 61 84 71 78 100 108 96 78 59 75 63 61 41 45 45 59 87 73 67 79 76 88 119 124 111 90 100 94 93 103 110 109 114 137 152 149 142 158 178 179 201 170 146 130 122 114 97 116 122 98 122 94 70 74 76 82 74
84 61 51 43 35 45 55 29 10 24 30 30 33 33 49 44 43 76 48 36 44 53 63 57 55 71 89 80 73 75 121 81 49 45 40 48 66 56 62 97 91 69 76 60 69 96 66 50 51 47 56 41 46 53 59 57 59 67 81 89 109 112 125 115 84 113 100 122 110 104 105 119 155 139 198 196 183 180 179 185 150 158 139 174 114 104 148 107 126 120 109 89 74 89 83 88
49 51 51 53 45 51 56 35 34 14 33 45 41 38 40 51 40 58 35 43 46 45 59 43 54 59 65 61 64 70 122 72 53 36 55 71 81 61 65 95 93 70 60 43 50 74 41 34 40 38 37 46 46 52 67 56 58 67 87 107 120 101 122 94 90 99 110 98 97 101 106 118 145 138 135 158 188 170 158 164 143 133 119 120 103 160 164 157 155 129 133 98 85 95 84 90
34 51 30 43 42 58 50 31 30 18 29 49 74 51 46 45 56 52 32 43 35 34 43 44 61 52 65 58 53 94 105 74 67 42 80 59 56 96 106 76 59 48 62 40 44 44 39 43 45 41 48 46 42 48 52 81 83 97 100 114 123 130 103 93 90 90 95 102 106 113 109 131 154 131 127 153 179 172 159 150 160 139 127 121 136 130 119 109 101 98 90 113 92 121 91 95
25 27 24 31 33 38 50 30 25 13 24 73 63 63 57 48 59 50 30 39 32 30 44 46 57 55 62 78 58 74 79 82 65 41 40 48 74 75 91 70 46 46 74 40 39 34 43 52 47 43 46 48 51 49 58 95 109 110 114 125 134 118 104 96 95 95 94 104 108 120 131 143 167 138 121 161 162 160 170 150 145 179 182 137 171 162 151 145 139 119 127 136 115 137 110 134
44 51 38 19 16 15 25 25 22 14 20 46 55 49 46 41 50 45 32 38 29 26 26 40 61 51 71 97 65 66 59 69 59 37 38 47 59 56 77 44 40 48 45 32 32 49 46 52 45 49 53 56 91 51 83 100 110 110 119 123 101 102 115 102 102 109 103 102 111 140 141 157 139 140 118 155 154 152 160 141 147 169 164 155 150 166 162 154 156 152 133 150 134 136 135 132
47 28 43 45 33 25 15 11 9 14 30 32 68 45 41 40 51 52 27 34 26 25 30 36 46 44 56 74 91 62 70 49 36 39 34 49 50 47 39 34 34 42 33 50 36 47 48 53 50 64 92 113 83 52 93 88 89 121 122 99 87 85 91 101 130 119 113 125 126 131 130 123 118 154 127 146 170 135 134 147 182 179 174 168 142 144 161 155 138 149 140 160 139 136 126 136
64 50 55 49 39 42 47 40 20 12 23 29 40 53 37 35 46 42 29 43 27 25 29 35 39 44 61 102 85 77 49 42 36 35 26 27 29 34 29 37 44 34 40 47 64 36 55 60 58 81 112 113 76 54 107 69 108 122 88 88 80 90 97 105 154 190 141 139 132 118 113 113 112 111 117 173 150 166 136 148 164 156 173 160 159 130 150 152 133 141 133 124 114 130 121 127
126 67 60 44 39 39 39 29 20 13 22 27 45 47 44 40 47 35 24 37 30 23 27 34 44 48 69 97 100 59 48 40 29 25 35 40 45 34 38 54 72 42 40 47 79 45 51 75 70 94 100 81 88 58 67 73 67 83 83 80 81 88 97 106 142 157 169 161 145 128 125 114 109 113 145 147 149 122 170 150 129 153 146 152 160 143 126 135 130 122 133 130 110 107 116 99
129 77 57 55 45 46 35 37 24 12 20 24 39 48 45 37 40 31 23 32 26 23 33 40 48 55 93 113 81 60 49 30 25 52 52 44 37 49 38 41 46 40 45 46 53 47 50 51 80 117 134 102 95 96 71 90 84 80 78 87 88 92 103 120 132 130 146 129 156 159 111 106 106 144 140 131 161 117 151 128 130 134 140 145 160 141 138 117 113 106 98 112 103 90 97 108
144 98 76 58 49 41 41 37 32 11 20 29 55 46 41 35 29 43 35 19 32 21 35 45 72 65 117 115 65 42 36 26 60 38 37 40 45 49 43 40 41 43 48 51 50 61 59 45 69 80 88 88 111 100 93 84 112 98 83 89 99 99 121 175 144 130 122 121 173 144 131 109 101 119 131 116 115 116 127 131 163 145 150 168 151 132 148 140 146 126 109 92 103 100 85 84
173 146 99 59 40 36 32 40 14 11 18 32 39 30 31 45 20 24 22 27 25 22 26 29 52 41 86 71 54 57 26 25 55 36 48 55 53 47 50 42 45 45 50 57 59 59 73 69 45 49 81 100 107 108 110 103 103 122 99 93 99 121 198 206 174 195 151 113 118 159 144 106 107 107 108 124 115 123 124 146 166 157 156 160 151 149 128 119 133 129 98 115 113 93 99 118
174 287 170 61 40 34 24 19 9 13 13 26 29 32 25 45 27 20 43 46 17 22 17 25 28 23 30 33 43 58 29 29 46 37 37 46 54 58 48 45 47 49 59 67 68 63 69 79 65 62 62 75 97 84 79 84 85 94 101 102 118 212 201 155 151 162 159 118 106 150 128 102 98 139 132 175 143 124 128 150 163 151 130 140 137 124 111 120 108 106 120 134 105 110 125 125
161 266 160 69 41 35 25 35 24 14 13 25 25 26 20 34 31 19 42 21 17 25 24 18 18 19 33 30 52 35 29 36 35 35 37 49 66 70 52 49 54 58 168 97 80 71 77 74 65 58 56 70 63 74 70 90 90 89 96 109 149 210 202 185 191 153 161 156 104 132 149 106 96 142 148 142 155 146 137 162 150 137 134 126 116 125 118 136 135 134 127 109 110 127 138 120
145 231 157 69 47 43 27 25 27 17 13 46 23 20 14 22 51 21 16 22 42 29 36 38 26 38 39 46 32 23 45 30 31 35 37 44 48 58 77 57 59 70 99 105 97 97 92 85 83 70 71 72 70 100 79 81 90 95 101 115 197 160 160 188 178 169 158 151 135 103 135 98 95 111 115 125 155 178 163 169 169 163 155 150 140 121 139 145 144 144 129 108 130 129 151 125
128 191 119 64 46 35 26 22 27 17 11 45 22 18 14 14 27 18 31 15 19 26 31 37 27 29 36 43 29 32 44 33 35 40 40 46 52 54 59 82 67 82 175 204 156 162 120 87 78 72 74 70 86 112 107 86 93 103 115 134 190 187 140 171 152 133 125 129 142 112 120 92 96 104 120 152 143 155 161 171 169 155 147 131 135 134 153 145 139 141 130 130 129 132 154 129
127 210 112 61 45 38 31 24 21 17 29 24 16 17 20 17 19 14 15 15 34 38 45 51 40 45 36 34 32 28 36 38 36 45 47 51 54 58 63 76 79 152 180 248 228 216 114 89 73 70 85 65 100 87 87 87 101 113 156 181 196 180 139 167 160 156 149 116 140 132 91 92 102 157 150 135 132 134 127 128 156 164 161 158 153 155 140 147 132 141 143 142 155 149 142 125
132 208 112 66 49 30 24 22 22 14 13 19 14 18 18 15 14 32 26 40 58 86 83 60 49 51 35 30 33 34 48 37 38 44 53 56 62 67 78 106 123 147 171 234 180 193 111 89 78 79 80 62 70 73 80 100 132 151 178 202 218 172 162 153 146 155 151 116 140 106 93 93 99 136 119 130 120 121 120 125 137 151 154 138 143 148 138 128 132 141 145 149 148 146 139 122
156 256 89 63 51 35 41 40 41 15 11 20 15 14 18 28 15 22 41 96 215 248 132 85 68 49 46 31 37 42 47 44 63 47 58 60 71 86 138 182 149 133 149 165 156 142 101 89 86 96 72 71 78 82 98 134 122 160 174 210 168 176 159 150 131 141 152 113 144 112 99 91 91 124 99 122 118 103 122 139 131 153 156 149 136 127 124 128 118 134 144 149 149 140 115 105
192 268 84 58 49 28 27 23 22 31 14 14 21 12 21 41 22 16 61 226 253 259 272 166 77 54 47 42 61 57 49 47 52 75 69 77 111 117 194 179 150 130 118 120 150 158 132 101 110 86 97 64 83 102 203 127 107 131 161 212 211 153 149 150 140 129 137 111 126 134 127 92 87 95 94 95 113 121 155 144 116 145 145 144 141 123 118 120 130 134 137 139 141 130 118 102
192 167 83 50 34 29 25 31 20 19 14 11 17 20 25 35 17 14 43 144 178 177 230 221 111 47 43 38 45 47 47 51 55 68 80 98 227 234 185 158 150 127 110 112 149 116 116 101 95 94 87 69 92 114 213 130 110 153 156 180 207 178 148 126 134 120 124 122 134 131 123 122 99 85 100 118 147 150 155 149 140 116 145 143 118 119 133 130 129 132 130 116 140 140 129 103
157 120 72 43 39 30 53 18 19 41 18 9 12 20 51 27 14 30 36 56 66 106 143 104 56 43 44 45 39 50 52 57 62 70 88 113 198 237 218 231 180 175 113 102 126 129 106 90 80 72 72 91 91 112 108 89 161 135 138 136 151 202 159 158 130 125 109 103 97 97 109 110 114 85 113 117 110 120 148 150 138 130 110 142 105 122 121 130 119 124 124 121 133 127 129 120
140 117 78 37 21 18 16 15 27 18 16 13 10 31 31 12 15 32 29 38 49 55 59 40 43 47 57 49 43 54 57 64 79 150 98 189 298 272 281 249 222 164 119 99 99 94 89 83 116 113 79 81 77 87 92 88 97 111 112 134 158 170 168 170 145 139 135 162 119 115 114 94 111 99 84 104 137 144 133 146 132 116 119 103 101 121 121 120 114 118 113 109 108 121 109 111
103 84 62 32 21 18 18 15 20 28 27 18 8 27 25 12 30 24 26 29 33 30 31 34 49 88 80 57 46 54 70 74 100 172 120 198 309 260 284 266 195 165 122 122 164 100 106 94 120 96 88 98 90 103 131 134 112 172 164 169 156 167 174 193 174 151 122 109 112 101 98 92 94 100 83 95 132 114 141 139 140 140 132 122 105 100 97 98 107 103 114 101 110 98 108 116
83 58 48 33 27 17 31 16 28 29 37 51 13 8 26 13 14 20 21 25 27 27 36 36 52 160 133 65 55 59 72 89 185 253 180 259 311 283 270 254 191 159 204 213 152 125 119 114 125 99 89 117 122 142 200 141 139 155 183 185 170 162 179 175 178 138 133 120 119 112 114 110 90 82 82 89 106 146 136 119 136 128 132 121 125 120 110 103 95 98 101 91 103 91 100 108
50 53 41 46 52 15 17 17 25 42 42 35 28 9 10 14 16 19 21 22 25 32 43 41 49 69 76 58 61 81 74 109 208 301 267 282 294 253 222 234 212 203 249 172 140 130 135 136 129 132 118 99 97 120 140 186 149 213 199 167 161 136 163 129 120 112 110 101 123 124 113 87 86 89 85 99 142 133 122 114 111 118 129 135 132 121 124 121 115 109 111 108 97 100 79 77
46 36 39 36 27 17 16 35 36 46 40 20 15 12 12 13 15 17 19 26 28 94 55 56 47 50 55 65 61 81 99 137 212 292 273 277 243 236 254 206 255 243 186 146 135 127 130 128 127 129 129 103 104 112 110 120 167 230 220 176 157 147 136 129 168 120 121 118 110 99 99 114 124 95 79 95 103 97 107 125 131 131 130 130 122 120 121 121 117 117 115 110 108 114 100 100
76 39 39 27 23 15 18 28 25 17 15 12 10 23 17 15 16 22 26 32 35 127 196 61 51 60 60 124 64 74 86 122 231 255 237 278 254 235 198 237 245 253 167 140 133 127 122 128 134 138 135 169 201 186 167 174 220 217 213 199 190 166 143 128 167 168 166 109 116 145 137 126 109 115 78 91 107 120 112 113 118 123 122 116 115 117 115 115 115 115 110 113 108 115 112 93
61 50 38 27 21 24 25 19 18 36 9 8 18 18 17 15 15 22 30 37 41 79 88 119 69 77 96 96 71 87 110 179 245 241 254 302 250 231 192 195 239 245 189 138 133 128 120 124 138 137 145 155 213 234 205 187 183 189 177 168 183 194 194 171 160 116 109 112 98 93 109 112 82 99 76 88 100 136 140 130 121 113 115 106 111 109 110 106 99 106 98 110 110 109 99 79
32 27 34 23 24 28 27 21 29 10 7 10 15 26 16 18 17 19 28 43 52 63 89 142 179 207 181 93 87 138 139 271 280 231 243 268 253 242 218 205 204 215 214 147 137 135 118 128 140 143 151 182 234 218 160 151 184 219 199 219 212 205 193 177 135 125 125 111 102 99 108 98 105 109 77 124 129 129 130 124 116 110 111 112 101 99 102 99 106 91 97 103 95 99 86 78
25 20 35 18 25 34 79 41 25 5 6 28 14 13 17 20 25 27 31 37 47 60 175 249 171 215 144 89 124 261 193 260 242 258 222 273 244 210 187 201 182 172 212 178 161 132 120 119 134 168 225 228 204 169 136 172 217 227 220 211 205 191 166 163 182 180 161 145 150 146 140 144 133 76 92 130 126 119 121 116 111 107 105 100 100 110 100 95 97 89 97 105 89 95 79 79
38 21 20 27 33 48 57 24 5 6 20 24 9 8 18 20 23 27 34 42 52 65 103 178 224 158 115 97 117 232 272 227 233 248 202 262 229 208 184 189 211 204 157 190 190 137 122 115 120 134 211 189 152 134 140 182 194 221 212 202 178 164 182 174 151 162 160 154 148 128 140 147 124 75 96 131 132 122 120 122 120 119 116 110 101 98 105 96 88 88 87 91 86 80 80 90
40 20 20 24 20 52 21 19 3 6 8 8 9 21 17 20 29 29 34 39 51 60 111 282 225 173 162 163 99 178 292 229 258 201 209 232 249 221 176 185 229 216 181 197 222 154 131 122 113 134 166 187 134 125 137 156 213 210 200 204 174 179 169 172 154 149 135 142 137 113 151 141 121 76 90 129 128 123 117 113 112 111 99 95 92 85 89 92 93 88 90 85 83 82 83 95
27 18 38 27 21 47 17 6 2 49 8 11 16 18 23 25 30 37 38 40 47 62 112 301 283 265 288 186 129 153 299 249 238 208 191 214 231 220 220 203 218 213 152 204 214 175 179 145 124 119 130 154 129 146 191 213 215 201 199 163 183 169 139 166 163 154 151 142 118 112 131 134 119 90 78 120 118 114 111 101 101 97 91 89 85 79 79 88 113 99 89 89 90 88 89 85
22 19 15 16 30 70 9 30 72 25 16 21 20 20 27 26 31 37 40 47 68 65 86 163 320 311 255 284 155 235 277 249 226 242 181 210 240 220 196 199 183 222 154 164 154 136 127 118 120 108 119 117 123 169 174 177 185 201 192 192 178 155 129 134 144 139 134 145 144 119 108 127 96 82 114 114 111 105 101 92 98 89 86 83 79 74 72 74 80 90 80 91 83 88 89 97
16 20 19 30 29 81 10 15 17 16 17 19 22 27 34 27 44 41 48 51 59 67 89 156 301 265 266 219 197 247 279 250 230 192 194 192 171 187 195 211 149 183 140 140 157 211 165 124 115 110 111 111 127 129 172 194 174 157 163 170 174 177 166 143 132 122 142 140 136 127 100 113 79 90 111 108 101 101 96 90 92 86 81 78 72 70 68 70 70 70 72 72 79 102 86 83
15 12 12 24 39 48 26 12 11 12 15 20 22 22 27 30 49 54 55 58 64 70 110 234 281 234 264 234 187 268 269 263 238 244 237 218 178 150 191 196 188 138 136 139 171 214 151 125 123 114 104 113 114 127 169 189 143 121 138 117 149 163 161 161 151 141 109 131 127 120 94 115 107 69 101 100 100 90 93 89 77 80 73 71 67 66 64 64 65 67 67 66 70 86 75 77
32 22 21 10 4 9 16 6 10 10 14 19 23 24 39 35 48 48 60 68 66 102 100 190 257 198 243 250 192 279 259 251 260 243 223 209 226 181 202 139 163 139 135 136 168 176 159 130 120 111 109 104 124 125 179 191 142 99 103 99 109 155 168 149 145 140 109 98 124 118 104 113 101 67 80 102 92 91 89 83 79 70 68 65 66 67 66 67 64 65 64 64 67 76 69 76
