examples/weather_generator/spatial/input/thames_dem.asc
ncols         170
nrows         152
xllcorner     375000
yllcorner     118000
cellsize      1000
NODATA_value  -9999
[rows 98 to 146 of 152, columns 0 to 95 of 170]
175 135 110 174 177 176 164 137 94 95 83 100 107 90 71 60 43 50 56 57 58 101 66 79 81 77 92 99 148 173 173 167 160 170 158 165 173 235 239 221 190 151 187 140 197 173 178 170 167 129 163 123 112 108 123 141 152 139 154 127 118 136 140 139 161 141 122 94 107 116 101 132 108 118 100 138 110 93 81 74 81 68 58 58 81 91 91 48 46 46 50 44 46 41 38 36
202 198 89 107 178 132 108 73 72 144 120 106 89 80 71 61 48 43 47 69 104 113 92 70 82 82 91 93 142 150 174 168 162 160 155 157 174 217 204 189 189 163 164 160 162 152 163 175 166 139 114 178 176 153 149 104 101 122 137 143 140 113 128 130 129 129 138 109 106 112 101 131 120 105 94 119 131 96 87 79 72 71 80 100 94 80 57 50 46 45 46 46 42 38 38 36
201 209 192 85 186 132 76 74 102 144 107 86 88 73 71 62 50 38 123 133 155 108 76 99 108 78 84 89 142 170 207 197 180 158 160 171 161 200 187 184 146 170 168 167 126 138 124 121 126 169 178 161 166 162 161 158 152 144 97 120 132 131 116 122 127 107 125 130 109 96 102 112 107 88 109 109 120 143 121 105 115 123 106 88 96 74 52 49 47 52 61 50 45 39 38 38
59 105 97 65 143 40 51 48 124 117 109 108 110 85 78 57 41 43 115 175 161 161 102 100 92 86 88 107 110 166 225 192 162 158 156 160 169 161 143 160 140 149 130 129 139 194 182 181 164 169 152 150 140 135 148 147 129 98 104 95 98 110 104 101 98 96 101 127 131 112 92 77 79 100 130 89 96 98 131 131 132 119 110 100 73 53 50 48 78 80 69 58 47 40 40 40
97 107 81 63 53 52 161 128 83 131 112 110 106 95 70 47 40 42 83 134 145 142 112 87 89 99 165 149 229 180 169 166 188 182 172 167 164 172 165 163 167 148 200 171 186 175 154 160 149 139 136 144 141 134 140 112 124 126 128 120 121 102 91 89 87 86 84 86 87 84 79 79 73 71 74 76 76 79 85 87 89 89 98 88 56 53 53 72 92 92 82 79 48 44 40 41
89 27 29 22 133 170 154 128 100 105 93 71 63 59 48 40 38 40 47 66 97 112 101 90 105 116 162 190 231 177 194 178 189 211 188 191 201 205 171 214 191 172 188 189 181 158 167 170 148 148 158 151 155 152 110 133 139 111 123 113 99 109 102 107 103 95 123 109 84 83 82 81 79 76 73 68 68 66 65 65 64 58 57 58 55 54 69 70 94 98 90 72 59 50 49 46
22 95 160 28 183 168 117 100 89 78 79 60 57 52 39 38 40 44 54 90 107 97 93 81 172 194 189 186 181 169 195 203 204 238 200 230 199 219 215 214 213 191 201 192 183 174 178 167 172 149 163 155 146 129 134 128 150 118 124 113 109 125 130 143 115 110 101 105 112 92 105 112 121 120 97 108 70 73 67 65 65 59 59 57 57 72 91 89 94 92 87 80 60 53 48 51
21 134 182 73 80 135 105 86 71 65 58 53 49 39 37 33 42 44 82 76 58 99 82 72 90 201 214 208 148 131 165 165 218 251 234 288 254 211 242 228 241 229 227 218 200 185 187 178 165 165 150 159 129 138 137 139 139 129 151 144 130 136 155 146 130 119 114 101 95 100 122 114 111 109 117 116 116 115 110 101 92 61 78 70 80 94 98 99 90 93 93 71 52 69 60 57
48 127 174 68 84 120 93 77 67 60 51 48 43 40 32 34 37 41 43 60 56 82 73 67 74 100 148 143 136 125 139 138 151 215 159 195 212 176 175 152 172 165 255 157 149 151 146 140 159 191 163 149 118 146 138 148 123 128 146 163 135 170 171 157 141 129 119 109 107 99 101 89 97 86 78 80 72 68 67 80 66 95 100 95 105 100 99 92 78 68 69 54 64 59 48 46
164 156 113 25 139 124 121 103 89 78 62 48 48 32 32 37 45 42 44 47 61 56 71 70 74 133 135 128 127 122 123 133 129 137 139 140 160 141 137 142 150 150 150 140 128 162 172 158 159 140 164 128 160 159 151 153 141 141 150 168 174 200 191 169 153 145 132 115 114 107 100 108 124 101 109 82 111 89 98 80 68 89 106 106 105 102 101 100 95 90 57 70 59 53 51 47
134 41 74 41 136 121 108 90 72 52 47 37 30 31 33 40 51 40 49 67 58 60 70 99 120 130 131 148 132 124 117 118 124 121 129 128 163 173 129 129 133 131 119 132 131 143 149 165 166 162 153 142 163 161 155 143 151 219 236 263 272 203 284 262 159 151 148 126 113 129 123 135 130 98 87 99 88 85 89 80 81 70 92 96 89 81 75 91 78 67 62 70 60 58 50 50
59 63 145 68 35 86 38 30 28 41 37 37 40 44 44 35 40 43 60 51 52 72 66 67 85 127 122 139 143 124 113 111 115 112 117 120 120 127 124 121 120 119 123 128 131 137 139 149 153 156 156 150 140 145 187 219 199 198 213 250 234 252 190 279 253 188 149 140 132 130 130 133 109 101 95 100 101 90 95 100 89 81 82 93 87 78 72 75 70 63 70 63 61 57 55 64
90 57 123 44 104 93 76 51 38 36 34 39 51 56 47 46 59 42 46 45 48 58 61 72 69 114 121 110 131 114 110 109 120 106 112 115 119 122 121 111 118 110 117 124 141 179 183 160 157 151 155 153 155 149 214 192 175 179 204 231 180 221 162 243 183 222 171 145 134 133 139 147 113 116 112 102 104 96 122 106 90 87 76 97 102 87 79 71 72 67 59 60 60 50 63 71
36 75 130 113 88 52 61 47 52 44 44 51 48 43 51 80 64 53 43 46 50 54 57 61 79 120 83 80 100 112 110 107 110 112 111 115 104 102 100 103 109 118 131 171 232 181 189 154 150 145 152 210 187 164 177 180 162 177 194 196 204 156 154 188 195 175 246 188 160 151 140 128 135 120 154 129 126 102 121 132 104 93 82 99 87 90 74 72 70 62 60 60 58 53 61 84
74 106 135 119 85 36 49 56 55 41 39 40 42 49 85 75 65 50 48 47 48 49 55 60 64 69 72 114 112 114 118 111 111 107 102 101 105 111 99 109 136 163 196 221 209 182 167 202 141 145 160 217 253 250 220 197 193 150 170 173 160 180 167 210 217 176 233 232 221 261 198 144 127 125 130 129 113 113 134 166 135 107 101 99 95 82 86 77 67 62 59 60 71 60 56 85
74 63 123 104 67 40 53 49 40 54 46 40 42 59 59 71 67 53 50 49 51 54 56 68 69 66 83 129 128 129 126 118 118 110 109 102 100 98 95 124 130 155 163 190 196 197 189 192 179 148 210 186 211 239 252 228 244 200 135 131 149 171 177 157 198 190 187 203 188 231 167 146 177 204 230 204 157 224 177 155 165 126 106 111 101 100 79 70 69 73 68 69 69 72 57 70
115 107 112 102 82 39 56 56 50 47 49 42 59 90 83 73 62 58 55 56 58 62 80 70 68 81 119 113 160 211 207 166 179 127 170 171 137 102 93 162 170 169 193 185 173 178 170 170 172 162 180 200 194 234 242 201 209 195 210 163 144 143 160 143 169 158 139 185 190 172 159 131 173 171 193 159 164 186 195 191 176 167 126 165 135 105 87 77 81 77 71 66 68 79 58 79
131 122 108 79 59 49 55 55 48 50 46 45 49 96 77 72 74 60 61 67 66 71 71 70 92 96 93 101 201 162 200 181 166 181 179 186 141 159 91 107 172 159 177 171 166 173 154 144 148 145 152 174 206 214 182 218 201 201 162 201 142 144 128 147 148 143 157 148 171 151 176 134 161 141 162 172 137 163 179 168 148 171 166 150 139 130 112 110 91 80 88 81 64 60 60 84
89 102 74 76 49 60 70 65 57 63 50 49 63 58 66 72 70 70 86 109 114 91 116 89 97 82 109 191 166 161 178 176 159 140 144 152 169 119 90 126 130 149 142 169 165 156 148 136 151 137 152 176 180 185 179 172 163 189 200 209 207 174 133 110 141 121 144 149 149 156 125 155 151 143 157 165 142 132 160 159 141 138 131 134 123 131 119 108 100 102 78 70 82 75 65 89
87 108 89 73 61 81 83 78 73 49 55 60 55 62 64 76 96 164 174 195 206 183 144 169 161 101 177 186 172 136 175 171 164 153 150 109 145 128 87 116 134 123 139 156 146 155 144 138 128 129 156 152 150 137 135 141 166 168 168 154 188 178 173 122 97 140 112 128 128 141 135 132 118 130 140 136 134 118 142 155 138 129 114 130 130 115 113 100 94 85 74 86 80 71 78 79
94 110 92 70 71 82 94 74 57 56 60 59 60 92 108 195 196 144 197 169 186 210 188 124 106 130 152 173 162 152 152 169 182 150 146 137 129 132 120 94 124 121 142 139 134 170 143 133 129 145 137 130 121 122 118 146 142 148 129 133 133 140 161 172 137 98 121 116 120 119 136 112 114 123 121 130 122 131 108 133 130 105 115 121 124 104 100 100 102 90 89 101 88 90 97 99
73 106 107 53 68 83 74 60 57 63 77 69 104 131 217 205 196 168 196 189 176 186 185 182 170 140 129 157 132 116 152 163 161 152 139 154 129 117 99 88 98 113 131 133 119 157 213 151 123 155 138 131 122 116 120 130 119 121 125 106 110 118 135 138 145 135 103 88 110 114 123 118 97 115 125 121 108 87 112 107 113 110 119 120 118 105 108 99 106 97 108 101 111 100 112 102
82 84 71 96 89 78 70 66 67 90 112 88 121 162 182 208 182 157 185 187 176 151 170 164 159 153 120 145 134 133 141 148 132 128 122 140 122 130 124 83 99 128 128 122 126 149 148 159 120 159 125 122 113 121 110 103 110 110 105 105 100 101 107 110 122 127 123 77 100 90 111 99 82 118 103 78 92 119 93 114 118 119 128 130 123 122 122 111 116 111 102 103 118 110 116 109
96 120 69 84 83 92 104 79 124 118 103 113 157 135 166 213 202 184 154 133 151 121 142 151 146 138 131 120 124 131 121 137 144 128 130 110 98 106 87 86 106 116 117 124 110 130 130 145 107 172 124 108 107 98 108 93 98 100 97 90 91 91 95 102 104 110 112 87 91 110 105 101 92 74 93 90 125 129 134 116 113 141 142 147 159 138 152 148 145 132 132 123 118 131 130 97
95 119 110 72 68 76 95 111 109 122 120 122 126 186 168 204 212 191 160 172 170 164 141 116 142 142 139 122 99 113 135 114 107 123 123 109 110 107 111 105 103 93 101 122 98 105 151 125 108 169 160 110 101 101 95 92 79 89 85 82 82 81 74 88 80 109 88 108 68 112 86 71 77 104 112 116 115 128 123 117 118 130 159 147 150 164 198 196 174 178 156 181 128 140 116 109
104 90 101 73 78 93 89 104 108 130 120 119 195 147 125 156 159 170 189 176 154 143 133 133 112 140 135 109 112 103 119 98 118 120 120 119 110 111 119 98 77 104 118 128 112 92 130 117 118 153 145 131 100 86 78 90 92 88 90 80 71 59 64 76 114 102 76 102 89 67 84 87 107 112 105 110 127 129 125 127 137 135 144 150 170 175 198 182 200 192 173 174 154 120 130 124
120 107 71 90 77 89 138 138 139 140 128 116 114 137 119 150 121 122 142 177 158 161 150 131 123 129 132 130 130 106 101 111 113 104 120 114 124 135 138 101 78 91 99 107 89 103 144 113 105 164 124 100 95 82 80 91 81 80 80 80 81 59 95 95 106 99 87 88 88 59 76 98 107 112 111 120 109 119 134 143 165 131 129 154 173 190 184 162 184 188 166 176 172 132 146 142
98 81 74 86 109 98 137 145 151 153 140 129 120 119 110 108 150 104 138 152 183 155 142 132 98 142 119 130 104 111 109 102 105 108 118 103 108 129 125 101 86 73 90 78 100 131 148 111 95 153 142 110 99 86 90 74 62 81 72 71 54 80 116 113 80 90 79 58 55 61 91 80 93 113 120 118 135 139 146 171 155 148 158 143 173 174 176 165 146 161 161 175 181 174 177 174
89 79 82 86 102 110 136 191 215 172 170 157 108 129 107 100 137 141 137 175 143 141 118 112 129 153 137 119 126 106 105 91 91 108 89 114 100 103 100 119 70 73 94 107 117 135 118 99 103 128 120 107 98 91 83 89 86 74 69 98 65 64 87 93 92 80 60 51 77 77 70 91 93 90 115 129 133 149 138 157 151 147 171 149 145 126 119 141 164 166 170 163 179 181 196 180
103 89 88 98 109 139 132 228 175 146 158 132 161 149 123 104 94 96 108 103 168 148 107 120 173 162 153 129 128 119 124 121 84 103 89 110 101 90 103 93 77 93 97 134 173 138 107 90 105 121 124 156 100 93 91 93 90 87 79 70 66 49 93 92 85 70 47 59 62 65 79 99 75 87 94 115 105 112 118 130 130 139 138 151 148 141 123 144 139 167 162 166 170 176 197 176
97 109 101 107 121 209 143 168 189 150 165 140 136 126 112 106 98 100 88 135 107 114 87 151 158 129 138 163 152 123 115 94 83 83 103 101 105 89 107 79 70 100 96 121 120 100 104 87 101 105 113 116 99 99 96 99 92 84 92 78 59 45 94 92 77 46 46 79 55 61 60 62 75 93 80 100 92 96 96 113 114 110 111 132 129 99 110 127 129 141 160 159 142 159 152 148
101 109 133 162 153 212 168 185 171 153 134 123 120 199 193 164 110 102 98 88 88 105 110 175 129 137 126 120 159 142 134 113 70 108 115 97 88 80 92 86 89 110 125 118 114 106 95 103 103 109 132 120 102 95 93 100 89 81 76 82 82 60 42 54 42 52 59 76 59 84 90 58 67 70 82 91 79 100 95 100 106 97 109 117 98 108 117 149 157 166 150 168 167 164 125 152
120 131 210 159 215 188 187 229 230 147 142 126 150 146 172 164 180 139 163 117 85 83 82 155 98 136 92 119 126 154 114 99 67 127 133 110 100 84 62 104 97 100 113 110 100 78 81 97 109 115 109 89 84 90 78 88 83 81 77 64 68 61 65 40 72 70 68 77 68 69 78 60 61 63 75 90 70 80 90 96 100 113 110 91 101 110 127 150 159 162 168 180 185 166 125 128
135 189 240 223 215 184 167 179 245 177 182 129 174 182 219 187 159 135 178 170 150 89 89 76 74 81 78 128 113 100 135 102 93 135 122 119 106 120 65 102 110 126 109 98 105 93 104 112 145 130 110 84 79 76 81 80 76 85 77 72 77 81 38 74 83 81 76 70 74 80 79 74 82 69 90 79 91 89 89 99 100 122 91 110 118 144 163 169 169 171 179 181 202 175 150 149
161 229 229 232 233 172 150 144 139 157 127 185 215 215 212 206 155 167 203 166 117 149 119 88 100 78 71 68 68 95 93 97 105 145 118 100 119 70 76 118 116 101 100 101 72 109 98 102 129 159 142 132 87 77 62 70 80 122 99 110 83 37 60 68 90 92 94 80 80 83 85 80 82 79 90 96 96 94 99 113 112 98 113 149 137 135 136 181 181 190 194 213 213 190 142 119
151 237 215 192 172 155 150 218 193 154 175 172 168 169 208 209 212 214 199 150 149 195 134 131 113 117 136 116 117 73 68 60 84 119 127 116 130 68 120 120 105 92 78 61 93 101 108 110 151 128 139 83 84 79 68 51 81 110 92 89 49 72 68 89 132 99 116 98 103 106 95 92 95 100 105 88 89 100 113 119 122 73 101 132 116 110 134 156 156 159 200 213 199 189 166 114
245 227 211 177 166 229 205 193 207 197 161 188 186 203 173 219 197 183 194 201 204 194 196 181 183 187 179 181 141 160 107 149 85 74 134 140 116 54 103 100 103 82 65 68 79 100 111 114 115 125 120 96 79 72 76 53 75 76 79 88 33 50 101 130 95 89 112 99 110 106 119 102 86 103 92 89 110 104 108 123 107 78 102 110 90 118 133 129 119 154 191 191 209 188 168 115
182 213 201 180 157 230 227 210 200 208 184 201 182 187 160 151 135 127 139 161 146 144 156 167 145 161 156 175 176 163 162 138 126 56 104 132 119 67 93 80 81 69 59 91 90 150 122 116 97 124 157 122 120 96 72 61 66 74 82 57 34 92 114 96 80 112 109 93 80 101 113 101 83 83 83 79 102 108 91 104 109 68 100 99 99 98 93 122 130 149 168 178 193 210 174 121
160 139 183 163 146 131 127 132 206 159 204 200 208 164 153 181 153 140 130 155 140 128 155 127 113 129 144 104 128 158 154 159 155 74 82 130 126 54 61 70 78 62 70 118 117 136 89 92 128 154 109 136 141 80 59 51 60 67 73 40 37 86 93 73 89 83 79 81 92 92 79 93 68 72 82 84 75 92 67 69 91 83 77 67 76 80 97 118 120 127 167 172 169 194 167 123
217 134 167 148 131 137 104 109 135 139 147 194 193 173 156 127 133 147 99 120 150 120 127 118 103 112 90 82 120 128 89 125 95 127 53 103 114 60 62 99 66 57 122 127 129 102 87 109 131 122 122 91 118 102 131 60 37 50 52 31 51 70 59 47 52 79 72 80 89 114 81 59 61 50 45 41 43 45 46 64 60 69 57 78 85 82 116 129 109 121 138 170 168 147 166 155
199 163 147 137 105 97 92 100 121 113 118 150 201 183 176 163 153 138 98 151 128 132 125 106 103 109 84 71 67 67 64 65 100 76 52 69 91 93 48 71 64 66 128 87 117 88 96 117 107 119 113 120 96 81 102 98 74 32 33 30 67 49 48 67 67 103 69 118 124 92 80 79 70 49 42 77 82 57 92 99 69 63 60 76 90 88 87 90 106 113 154 175 191 170 134 146
159 154 108 106 90 103 96 98 102 99 117 110 157 141 163 156 177 156 141 126 139 134 118 103 82 82 69 85 102 106 67 109 80 66 69 53 49 51 58 50 47 100 85 88 113 77 111 91 99 91 101 94 67 83 79 80 75 64 30 28 36 64 76 77 80 109 99 108 117 104 114 78 75 38 52 76 68 91 71 101 72 96 69 102 121 123 132 107 120 131 150 191 175 159 171 170
161 112 110 97 89 82 88 91 106 98 96 110 128 130 121 139 175 157 99 111 112 105 101 78 90 152 136 116 99 95 80 152 133 100 83 59 49 47 46 45 47 68 90 94 85 78 75 69 79 67 82 61 66 61 57 55 46 52 26 48 82 87 109 119 105 119 117 130 135 153 118 119 80 33 80 95 93 93 89 88 100 88 70 79 88 123 130 132 129 172 185 177 168 157 190 198
146 133 122 97 81 80 83 80 83 98 99 104 116 119 110 152 178 127 107 97 97 156 156 133 106 98 98 97 107 185 170 166 159 140 126 91 79 82 103 61 44 43 53 81 90 71 65 61 56 54 58 51 69 61 53 42 59 44 24 62 75 112 126 144 163 140 117 108 117 120 115 90 41 31 39 62 85 119 139 122 96 104 102 72 100 93 100 111 118 136 172 173 157 170 188 210
127 137 131 102 87 80 89 80 85 104 111 123 124 129 120 107 107 97 116 134 100 141 139 114 98 99 192 175 169 146 146 140 129 112 101 100 95 66 58 85 59 43 46 98 69 59 60 57 55 55 44 51 48 60 39 46 75 38 24 96 91 97 109 115 128 82 120 81 88 112 93 85 33 82 106 134 97 157 164 147 108 116 83 102 102 112 104 89 109 130 176 178 172 178 183 188
91 124 119 100 84 70 79 80 96 97 104 112 141 129 138 120 127 103 120 185 116 137 119 185 145 189 168 154 140 142 92 94 95 69 64 57 65 64 51 47 53 43 38 68 70 70 67 62 69 70 61 50 69 50 38 29 39 32 28 75 71 72 78 98 96 80 110 67 112 69 111 75 34 49 76 106 119 119 110 120 134 110 99 89 90 90 101 134 109 120 124 137 145 165 176 210
79 89 120 100 84 69 70 80 80 84 103 189 157 166 227 176 117 161 167 159 130 208 204 140 175 143 142 120 86 80 77 73 75 100 80 99 86 116 59 79 61 60 39 52 89 108 91 145 146 145 132 129 109 93 60 41 49 35 20 29 41 47 49 58 62 68 67 65 59 80 92 41 28 40 65 72 73 93 88 110 110 124 107 114 106 111 110 128 143 148 137 157 172 137 182 200
69 78 121 87 91 87 76 80 89 100 109 183 231 186 164 159 118 147 151 214 195 181 123 135 116 103 117 114 118 99 181 123 164 132 109 129 134 131 110 111 127 67 38 71 74 125 110 102 80 101 89 83 80 94 84 60 64 49 22 20 39 33 35 33 49 57 70 42 40 40 49 60 22 34 53 74 69 88 111 113 119 148 152 140 129 145 119 99 118 102 119 118 154 186 157 185
62 104 122 70 93 106 95 111 97 110 130 211 218 206 190 130 144 139 154 143 183 120 113 126 176 124 107 99 187 134 172 125 162 155 149 135 123 93 99 99 60 64 37 62 67 109 105 83 63 69 58 65 55 70 59 60 62 70 51 18 18 43 45 50 45 74 49 64 59 64 37 31 20 71 96 53 113 110 98 84 121 129 127 148 170 126 97 78 77 123 108 94 139 179 183 115
